2242

1 8 4.5048
1 4491 12.4362
8 3222 4.1088
8 4501 4.0314
14 16 4.27095
14 8947 4.44105
16 5147 1.8108
17 25 9.4293
17 5149 5.1822
25 2300 3.04155
26 27 6.0402
26 719 17.1189
26 5529 10.4616
27 29 6.3816
27 8205 11.5362
29 7677 4.75515
29 7684 6.0471
30 36 12.1154
30 2602 5.62095
36 2302 4.9806
36 3896 8.0037
37 38 3.9123
37 17 1.69065
38 39 6.2505
38 40 9.0927
39 11238 4.347
39 5149 6.2289
40 112 50.58
43 46 18.0153
43 67 8.2284
43 56 7.1358
46 43 18.0153
46 47 18.2988
46 53 9.2412
47 46 18.2988
47 2536 15.9687
53 56 9.63675
53 4996 8.8155
56 59 13.7349
56 43 7.1358
56 4994 5.9046
59 60 3.6324
59 2600 2.7366
60 61 2.6838
61 12248 1.90665
61 30 11.0471
67 7451 3.4416
70 77 16.7904
70 4991 1.2141
77 4994 14.5836
78 80 10.1745
78 8199 16.5465
78 429 15.1065
80 78 10.1745
80 6146 10.3584
80 100 12.8385
81 88 9.2448
81 2168 12.249
81 6327 7.82865
88 4956 23.697
88 4660 36.5328
96 100 15.9246
96 4989 3.9735
100 101 15.6636
100 4991 7.875
101 102 20.682
101 6159 8.6532
101 4994 5.043
102 104 9.8487
102 4996 7.677
104 107 11.5614
104 5810 12.5442
107 2500 8.1846
107 4956 12.9159
107 7040 25.3989
108 30 5.64705
108 6152 10.7014
112 114 14.6277
112 3896 7.8606
114 36 6.0129
114 2599 4.4694
122 123 9.5004
123 122 9.5004
123 2599 13.8609
123 112 6.7476
124 126 20.5722
126 124 20.5722
126 39 8.9172
126 40 6.2784
127 128 6.48
127 132 1.8945
127 133 6.0336
128 127 6.48
128 129 11.9394
128 130 6.0165
129 128 11.9394
130 128 6.0165
130 126 5.112
131 132 6.0471
132 131 6.0471
132 127 1.8945
132 135 5.085
133 127 6.0336
133 134 9.0108
133 2595 8.9208
133 130 6.7284
134 133 9.0108
134 8948 8.8776
135 132 5.085
139 2579 7.2747
139 4741 2.6712
139 140 4.0518
140 144 4.3398
140 139 4.0518
140 11262 11.6955
144 4759 15.0354
145 148 5.8959
145 167 2.97
148 145 5.8959
149 150 2.52405
150 151 2.50605
150 248 13.4604
151 152 2.898
152 153 2.7819
152 323 11.6883
153 154 2.4237
153 339 11.4147
154 155 2.4408
155 156 1.7154
155 337 10.044
156 157 2.22435
157 158 2.53035
157 335 9.3564
158 159 2.4903
158 344 8.8929
159 160 2.62665
159 333 8.2242
160 5893 5.2506
160 342 9.0774
167 7063 7.66935
167 149 0.7956
169 173 3.2778
169 197 6.3045
173 6590 25.0078
174 182 7.91145
182 10382 24.462
182 183 15.6694
183 185 1.37475
183 230 5.2317
185 8878 0.88605
185 173 2.2644
197 2474 1.5993
228 229 4.6512
228 230 3.3138
228 3062 7.8252
229 230 4.4874
229 4948 4.1928
230 229 4.4874
230 3763 2.5326
230 228 3.3138
241 247 6.0882
241 252 2.9556
241 3062 2.8038
247 241 6.0882
247 3076 8.6103
247 7184 14.8278
248 249 5.6979
248 330 5.2083
249 250 5.4135
249 326 8.9667
250 3371 4.6269
250 313 11.0367
252 241 2.9556
252 3064 3.0816
258 259 11.1177
258 301 4.3884
259 11217 6.20685
260 261 3.0771
260 281 6.1155
261 258 5.5692
262 263 5.9031
262 352 6.7356
263 322 8.379
263 323 11.0214
263 250 10.5579
267 269 11.2536
267 668 11.5668
269 270 11.6793
269 1499 6.7032
270 271 4.2147
270 1374 6.7941
270 673 11.2788
271 272 6.9957
271 1526 6.7491
272 273 7.0191
272 11657 11.3076
273 274 11.1438
273 1506 6.6699
274 275 10.3752
274 1506 17.6157
275 276 12.5955
275 1522 7.2225
276 277 11.6118
276 1577 5.634
277 1447 4.8258
277 1448 8.1414
278 279 8.0496
278 1564 5.0985
278 3362 1.8774
279 280 10.8342
279 310 7.4925
280 281 4.2597
280 3365 11.6793
281 258 7.9497
283 258 6.08895
283 313 2.7783
285 286 6.0498
285 288 5.44815
286 285 6.0498
286 7201 5.5377
286 312 4.3929
286 287 11.6037
287 288 1.917
287 286 11.6037
288 289 11.4498
288 290 2.6586
289 259 5.5791
289 301 11.1447
290 291 2.6748
290 7000 11.5821
291 295 2.8422
291 298 11.295
295 297 3.4236
295 2642 2.8608
297 169 4.08285
298 300 11.232
298 7000 3.51855
300 259 6.9708
301 285 5.01345
302 304 11.619
302 11399 0.7182
304 302 11.619
304 308 21.4731
304 9486 12.7125
308 304 21.4731
308 1546 24.2028
310 312 12.9087
310 3367 11.5794
310 3363 8.4537
312 3372 8.4879
312 286 4.3929
313 261 12.087
313 326 3.24045
321 322 5.5566
321 353 5.094
322 321 5.5566
322 263 8.379
322 3365 4.7889
323 263 11.0214
323 152 11.6883
326 327 2.9763
327 248 7.8237
327 145 3.58515
330 323 5.4414
330 151 12.6432
331 332 6.7365
331 5893 6.462
332 333 5.6844
332 160 7.6464
333 334 5.1327
333 6413 9.3087
334 335 4.9446
334 158 8.7849
335 336 4.5981
335 6415 9.5427
336 337 3.0546
336 156 9.6156
337 338 5.1003
337 6416 9.8271
338 339 5.0157
338 154 10.6578
339 323 5.985
339 262 10.3653
341 342 5.5917
341 8135 2.4543
342 343 5.0913
342 8683 4.8726
343 344 5.0031
343 159 9.0099
344 345 4.7475
344 9097 4.8501
345 346 4.3299
345 157 8.7642
346 347 4.0446
346 156 8.7048
347 348 4.4109
347 155 8.5617
348 3381 4.9644
348 8802 4.9581
349 350 3.831
349 7678 12.9105
350 351 2.943
350 7680 12.789
351 10649 2.1126
352 321 3.5712
353 279 5.8266
353 1564 7.3791
355 356 5.0409
355 5152 9.5085
356 5891 5.5791
356 1450 5.0913
356 1548 8.2584
357 359 5.5602
357 6143 3.47535
359 362 5.91165
362 29 8.9325
362 8205 4.72725
363 364 3.7692
364 363 3.7692
364 381 3.8682
365 366 4.374
366 365 4.374
366 3381 4.9419
366 8802 4.8591
367 368 4.6719
367 366 4.6026
368 369 4.2219
368 8802 4.4199
369 370 4.6638
369 383 4.284
370 371 4.1886
370 8806 4.1004
371 372 4.4613
371 6048 3.9663
372 373 4.6719
372 443 13.1301
373 374 5.0715
373 9098 3.7701
374 448 13.8897
375 377 13.995
375 2599 7.35885
377 379 13.3758
377 123 9.9942
379 364 14.4954
379 395 6.435
381 382 5.0607
381 367 22.2327
382 369 12.1338
382 441 5.0148
383 347 4.8591
383 8806 4.4145
388 389 2.0466
388 1564 7.2954
389 390 8.6931
389 352 6.4305
390 338 10.2438
390 262 5.4747
393 394 13.8546
393 375 2.95245
394 395 13.4919
394 377 4.1214
395 396 13.0482
395 401 4.2021
396 441 10.1007
396 364 5.8032
397 336 9.7812
397 6416 2.6658
400 401 13.6935
400 403 13.68
400 394 2.8434
401 402 12.2121
401 460 3.888
402 452 0.6552
403 393 2.06955
404 410 21.6171
404 1389 29.7243
404 9817 2.4111
410 404 21.6171
410 412 5.9274
410 422 19.1043
412 410 5.9274
412 413 2.097
412 1562 25.6707
413 412 2.097
413 1513 4.2282
413 11815 4.5747
414 351 12.4812
414 403 1.8333
414 439 11.2104
422 410 19.1043
422 413 6.3522
423 426 8.6769
423 10463 5.47515
426 423 8.6769
426 429 14.562
426 1207 9.936
426 1213 10.5894
429 426 14.562
429 78 15.1065
429 6146 4.74255
433 8689 17.2719
433 6413 5.3361
433 332 9.306
435 436 4.5864
435 10463 4.06845
436 435 4.5864
436 438 6.3396
438 436 6.3396
438 439 5.679
438 423 9.0792
439 438 5.679
439 440 6.6528
439 10457 9.5445
440 439 6.6528
440 393 7.077
441 442 4.3146
441 370 12.4659
442 443 4.3452
442 371 12.6585
443 444 4.2552
443 451 10.98
444 448 4.7934
444 373 13.3263
448 449 5.7762
448 5154 12.7881
449 5153 12.4992
450 451 3.9852
450 444 11.3031
451 402 4.0356
451 460 11.5884
452 396 3.9528
452 442 10.5786
453 455 11.7441
453 1194 4.0788
455 456 12.4479
455 713 13.5594
456 457 7.9965
456 692 8.1864
457 458 10.5804
457 1174 12.7332
458 2822 5.2677
460 461 3.6054
460 10649 13.9428
461 5155 9.3267
461 351 15.1191
467 8961 36.9558
467 10145 17.787
467 8047 5.7534
469 476 42.0798
476 469 42.0798
476 10529 18.1656
476 3487 8.34
476 6463 10.833
482 1601 16.353
482 5823 1.2627
489 492 6.8886
489 4247 9.40635
489 8033 4.4658
492 489 6.8886
492 494 10.7508
492 5083 31.9428
494 492 10.7508
494 499 11.9136
499 494 11.9136
499 500 7.8702
499 10442 22.7727
499 3384 6.2172
500 499 7.8702
500 502 9.5808
500 3385 5.9544
500 3397 22.8951
502 500 9.5808
502 503 3.7074
502 3386 5.5188
503 502 3.7074
503 5094 22.6935
503 507 8.9226
503 2557 21.5523
507 503 8.9226
507 10448 15.3018
509 1235 5.7618
509 1716 10.0962
509 2745 2.2938
510 513 13.3194
510 6469 17.3142
513 515 6.0426
513 3439 20.0871
513 3486 5.5962
515 518 6.1824
518 519 5.4534
518 1934 4.4166
519 522 21.3426
522 507 13.9908
522 5101 5.9499
525 538 19.2407
525 2720 2.21895
538 3116 7.3188
538 7574 55.6026
540 543 17.6112
540 1864 8.559
543 540 17.6112
543 545 15.6474
543 2966 37.9737
545 543 15.6474
545 548 30.8718
545 5857 14.2443
548 545 30.8718
548 550 32.0022
548 2969 21.4056
550 548 32.0022
550 551 20.9376
550 2970 10.413
551 550 20.9376
551 553 2.1645
553 551 2.1645
553 5220 8.1444
553 4329 1.032
554 2817 7.0992
554 699 6.6414
554 27 9.1758
562 568 3.1473
562 2170 3.13335
568 571 1.2447
571 3206 3.1707
575 3497 4.4874
575 578 12.9474
578 579 6.8544
578 3499 14.2848
579 580 4.6668
579 3438 21.5454
580 581 2.6604
580 1895 5.4714
581 11342 11.7924
581 8044 3.1932
581 10275 3.2958
585 1139 30.5442
585 588 19.2942
585 2281 26.0433
588 585 19.2942
588 1165 16.4208
588 2242 2.8152
588 2108 9.7497
590 592 2.15145
590 4960 6.1092
592 1736 2.3976
593 598 18.4266
593 7759 9.4581
598 593 18.4266
598 601 13.2975
598 1264 18.7461
598 6987 22.4712
601 598 13.2975
601 4863 53.946
601 1285 6.4593
601 1291 22.5351
605 610 6.1578
605 8449 52.4682
610 3417 12.9948
611 612 4.0824
611 6349 15.138
611 628 12.7215
612 611 4.0824
612 613 3.7215
612 6365 16.371
613 612 3.7215
613 614 2.5947
613 10576 6.7203
614 613 2.5947
614 10561 6.1155
614 10521 3.5748
615 623 25.9785
623 615 25.9785
623 625 6.4656
623 6351 11.6064
625 623 6.4656
625 627 6.2334
625 6732 9.5211
627 625 6.2334
627 628 10.4166
627 630 10.5255
628 627 10.4166
628 611 12.7215
628 6351 12.537
630 627 10.5255
631 636 18.4347
636 631 18.4347
636 637 4.7673
636 9658 9.5508
636 10582 10.134
637 636 4.7673
637 639 3.3615
637 9657 9.6174
639 637 3.3615
639 640 1.3302
639 8158 6.1047
640 639 1.3302
640 641 3.2076
640 10564 6.2946
641 640 3.2076
642 643 1.2978
643 642 1.2978
643 10149 10.452
643 10142 15.0702
654 655 2.48535
654 1695 7.28775
655 662 3.3399
655 10130 5.1201
662 683 2.3922
662 686 1.5525
668 672 5.42115
672 673 5.92335
672 269 11.7729
673 270 11.2788
673 7203 6.4305
673 1525 2.1096
677 1503 5.2623
683 767 6.4458
683 1725 2.8494
686 482 10.2726
690 456 13.2093
690 1174 9.873
690 713 10.2411
692 694 7.3917
692 710 12.717
694 697 10.6515
694 708 12.861
697 698 3.2463
698 356 9.4554
698 706 12.9789
699 690 12.6153
699 554 6.6258
699 26 13.8366
699 715 6.6018
701 702 15.003
701 2745 1.986
701 2748 4.9662
702 701 15.003
702 703 12.7773
702 8798 7.7094
703 702 12.7773
703 1717 3.41325
703 11234 10.8414
706 708 15.2109
706 698 12.9789
708 709 2.4786
708 694 12.861
709 710 5.3163
709 1195 11.9529
710 455 5.8059
710 1194 12.3228
713 715 12.8187
713 690 10.2411
713 1176 9.9549
715 699 6.5736
715 6257 15.5904
719 720 11.2815
719 8207 4.65705
720 721 11.1006
720 10643 9.4194
721 723 12.771
721 8240 4.5909
723 509 24.0093
723 1716 9.5742
729 734 10.1448
729 6303 5.67135
734 735 18.9588
735 6303 24.7656
735 3267 94.6449
767 1684 5.49135
780 4844 2.99295
780 4180 5.895
780 4181 3.22245
781 786 1.8243
781 1761 3.1512
786 1761 2.6862
786 1789 1.9647
787 788 3.74805
787 9357 1.9053
788 1604 41.0247
790 791 5.4567
791 792 1.7955
791 7861 2.2761
792 794 4.29705
792 3917 4.3533
794 797 4.87935
794 7721 1.881
797 799 6.48045
797 9701 12.96
799 801 5.49585
799 9889 13.3857
801 802 3.58245
801 9732 2.8413
802 803 0.69705
803 806 7.92945
803 9871 2.9628
806 7866 12.3309
806 3317 10.7064
806 7850 7.4367
807 12098 16.1073
807 9247 10.3581
807 1303 17.2719
812 817 8.0442
817 12512 10.8396
817 5982 2.5518
818 846 60.5826
818 10149 1.89585
818 2699 3.87
832 834 3.771
832 905 25.9506
832 992 6.4359
834 832 3.771
834 3452 32.3118
834 839 19.467
835 838 17.8047
835 10667 3.3201
835 878 9.9855
838 835 17.8047
838 942 33.8778
838 8366 2.0475
839 846 21.6414
839 834 19.467
839 3471 44.3763
846 839 21.6414
846 971 18.6858
846 905 1.5984
846 818 60.5826
849 856 50.3208
849 12395 47.9484
856 857 0.8694
856 12395 1.7982
857 8269 2.8152
858 862 27.0891
858 1005 13.863
858 5982 43.4406
858 4699 6.2001
862 858 27.0891
862 864 4.1589
862 8648 6.7977
864 862 4.1589
864 865 10.3059
864 8648 3.6288
865 864 10.3059
865 866 0.5778
865 8644 11.0826
866 865 0.5778
866 869 9.4284
866 8647 9.0072
869 866 9.4284
869 871 15.2532
869 6972 13.8087
871 869 15.2532
871 873 22.2444
871 8622 24.0471
873 871 22.2444
873 8263 3.2895
874 878 18.6741
874 10269 10.1117
878 874 18.6741
878 884 46.692
878 835 9.9855
878 901 20.1672
884 878 46.692
884 886 20.7171
884 942 5.8428
884 944 4.7322
886 884 20.7171
886 890 19.8828
886 971 5.7942
886 995 5.2785
890 886 19.8828
890 975 22.9293
890 903 10.7496
890 905 7.0677
893 896 15.9138
896 893 15.9138
896 897 25.3503
896 999 6.3441
896 933 3.3912
897 896 25.3503
897 901 25.9587
897 945 11.5155
897 937 4.0077
901 897 25.9587
901 878 20.1672
901 941 3.663
902 903 5.3406
902 999 18.6426
902 1001 17.3529
903 902 5.3406
903 890 10.7496
903 983 18.8208
903 975 18.0639
905 890 7.0677
905 846 1.5984
905 832 25.9506
906 907 3.9861
906 10512 26.0055
907 8147 2.7171
907 10149 19.8257
908 933 2.2158
908 934 6.9831
921 931 32.6907
921 992 11.1825
921 6189 12.2751
931 921 32.6907
931 933 23.184
931 8664 14.1984
933 931 23.184
933 908 2.2158
933 896 3.3912
934 908 6.9831
934 935 4.4685
935 934 4.4685
935 936 12.5865
935 6957 9.4743
936 935 12.5865
936 937 1.2816
936 6957 11.2554
937 936 1.2816
937 941 21.3948
937 897 4.0077
941 937 21.3948
941 10269 21.0276
941 901 3.663
942 884 5.8428
942 971 21.015
942 838 33.8778
944 884 4.7322
944 945 5.7474
944 981 12.0555
945 944 5.7474
945 897 11.5155
945 997 14.6142
945 999 19.4355
971 846 18.6858
971 942 21.015
971 886 5.7942
975 890 22.9293
975 903 18.0639
975 992 9.4635
981 983 9.1278
981 995 8.4996
981 944 12.0555
983 981 9.1278
983 903 18.8208
983 995 3.5676
983 999 4.9572
992 975 9.4635
992 832 6.4359
992 921 11.1825
993 995 13.8627
995 993 13.8627
995 981 8.4996
995 886 5.2785
995 983 3.5676
997 945 14.6142
999 945 19.4355
999 902 18.6426
999 983 4.9572
999 896 6.3441
1001 902 17.3529
1005 1018 66.5721
1005 3849 12.3114
1005 4246 5.5026
1018 1019 9.4923
1018 1304 1.0071
1018 6972 33.7518
1019 8262 40.1652
1019 1048 1.4391
1019 6963 8.8182
1047 1048 9.0252
1048 6164 19.6884
1048 1304 9.3978
1048 1019 1.4391
1052 3857 24.2024
1052 2037 17.2845
1056 5212 13.6256
1056 1064 28.1907
1056 5563 17.8605
1056 5369 40.3677
1064 1056 28.1907
1064 1073 8.0622
1065 1073 2.29725
1065 1601 21.1451
1073 5229 2.87055
1073 5213 3.49245
1079 7127 2.50695
1079 7158 4.1607
1088 2731 10.6692
1088 1091 12.8079
1088 6545 5.946
1091 1096 31.5963
1091 2845 17.7453
1091 11067 26.0478
1096 1129 38.1732
1096 482 30.7287
1096 5811 11.9226
1104 2042 24.7734
1104 12503 47.8143
1113 1120 8.7264
1113 7049 15.8877
1120 53 9.4104
1120 2500 9.2007
1120 47 8.829
1124 1125 2.4147
1124 6524 10.7322
1125 1332 2.11995
1125 1451 11.6919
1126 1127 17.4942
1126 11063 19.7064
1126 2920 8.775
1127 1126 17.4942
1127 1129 13.3794
1127 6047 19.5336
1127 2921 9.4104
1129 1127 13.3794
1129 5563 12.7386
1129 1136 15.6042
1129 1096 38.0868
1136 1129 15.6042
1139 585 30.5442
1139 1165 27.4158
1139 1815 70.1649
1157 10411 28.8423
1157 7555 9.70875
1157 6563 7.00695
1157 5086 20.4876
1158 1160 11.7
1158 2091 13.6752
1158 4638 12.1896
1160 1158 11.7
1160 1161 1.0152
1160 2548 24.7959
1161 1160 1.0152
1161 1162 9.4644
1161 2088 20.5299
1162 1161 9.4644
1162 1165 9.3789
1162 2108 24.6546
1162 2087 20.5164
1165 1162 9.3789
1165 588 16.3842
1165 2082 39.9834
1165 1139 27.4158
1166 1169 13.7958
1166 1394 4.9311
1166 8642 0.7854
1169 1166 13.7958
1169 1170 14.8902
1169 1395 9.9783
1169 6098 29.6514
1170 1169 14.8902
1170 1713 12.8778
1170 6044 19.725
1171 1172 0.9837
1171 6132 13.7367
1171 10400 10.0566
1172 1171 0.9837
1172 6573 12.1068
1173 1174 10.017
1173 458 6.2559
1174 1173 10.017
1174 690 9.873
1174 554 12.6126
1176 713 9.9549
1176 1185 12.4299
1176 453 12.6207
1185 1176 12.4299
1185 1189 7.3638
1185 5375 13.6161
1189 1185 7.3638
1189 1191 8.1837
1189 5372 13.8933
1191 1189 8.1837
1191 1549 26.6391
1191 7220 10.2861
1194 1195 6.3918
1194 5375 9.8802
1195 677 25.1451
1195 709 11.9529
1198 1199 7.6401
1198 5615 23.5719
1198 2384 13.4802
1199 1200 9.603
1199 2385 14.031
1199 2508 23.6106
1200 2386 14.607
1200 1216 16.911
1206 2831 8.0124
1206 6141 8.9766
1207 426 9.936
1207 6163 5.8416
1213 426 10.5894
1213 359 12.5001
1213 6144 7.4286
1214 1216 15.1335
1214 4291 3.6495
1216 1214 15.1335
1216 2358 15.4197
1216 6470 17.9136
1217 1223 17.037
1217 2720 9.75465
1223 1224 0.9108
1223 1172 26.217
1224 1225 13.9554
1225 1227 13.8492
1225 2876 8.1405
1227 1228 9.0036
1227 2725 4.4046
1228 1230 12.1518
1228 2832 8.8533
1228 2834 7.7598
1230 1232 16.1406
1230 2869 8.0757
1232 1088 9.0036
1232 2736 8.0064
1232 2740 8.6148
1235 1237 4.941
1235 2749 3.5994
1237 2117 7.2378
1237 2781 2.439
1237 1235 4.962
1261 1263 10.278
1261 1482 17.6508
1263 4739 11.7336
1263 2295 11.2757
1263 5406 48.2772
1263 1315 38.7873
1264 1269 47.5362
1264 7759 12.2772
1264 598 18.7461
1264 1282 8.9376
1269 1264 47.5362
1270 1274 18.1539
1270 1790 11.5344
1274 1270 18.1539
1274 1277 13.5117
1274 4854 24.0372
1274 4862 24.3081
1277 1274 13.5117
1277 1281 15.7743
1277 5949 6.9912
1277 5583 16.0641
1281 1277 15.7743
1281 5585 8.19855
1282 1284 9.3609
1282 7878 5.349
1284 1282 9.3609
1284 1285 2.7954
1284 6751 5.877
1285 1284 2.7954
1285 601 6.4593
1285 6752 5.8653
1291 601 22.5351
1291 1295 16.0569
1291 6987 13.4946
1295 1291 16.0569
1295 6557 6.71085
1297 6765 4.3128
1297 1299 11.862
1297 12216 4.3245
1299 1297 11.862
1299 1301 6.1632
1299 12305 4.0581
1301 1299 6.1632
1301 1302 5.7753
1301 12306 3.8592
1302 1301 5.7753
1302 1303 10.2357
1302 12328 7.5303
1303 1302 10.2357
1303 807 17.2719
1303 11851 3.7053
1304 1018 1.0071
1304 1005 66.9996
1315 1125 1.3977
1315 1521 1.92015
1332 1261 27.4126
1332 1315 1.99755
1333 1338 21.3372
1333 9796 14.9094
1333 4837 26.2368
1338 1333 21.3372
1338 1340 10.8414
1338 4383 21.0294
1338 8620 22.1796
1340 1338 10.8414
1340 9801 11.1793
1340 4386 10.2901
1341 174 3.726
1341 6500 18.927
1341 5457 2.3604
1344 1346 3.2022
1344 4388 17.1318
1346 790 6.3567
1346 786 1.38105
1347 1353 3.2238
1347 3532 8.30565
1353 1 4.9692
1353 8 5.5572
1355 1356 7.7742
1355 4926 11.0376
1356 1372 11.1591
1356 1537 6.8445
1357 1359 11.3382
1357 7209 6.0948
1357 10159 19.5525
1359 1357 11.3382
1359 1361 13.4415
1359 1695 10.5957
1359 10159 16.5069
1361 1359 13.4415
1361 1363 19.773
1361 1378 10.6191
1363 1361 19.773
1363 2680 17.4195
1363 6058 10.2915
1363 10614 12.1959
1364 1368 15.7302
1364 7077 7.6536
1364 9603 5.265
1368 1364 15.7302
1368 1369 2.8269
1368 7081 5.9058
1369 1368 2.8269
1369 1370 3.9294
1369 9603 23.0508
1369 7102 12.3975
1370 1369 3.9294
1371 1372 7.0101
1372 1371 7.0101
1372 1373 7.3647
1372 1543 11.0646
1372 1356 11.1591
1373 1372 7.3647
1373 1374 7.1757
1373 1535 11.295
1373 1537 11.2761
1374 1373 7.1757
1374 270 6.7941
1374 1499 11.4984
1374 1526 4.1769
1378 1361 10.6191
1378 6058 9.26685
1382 1383 3.8682
1382 422 7.90965
1383 1382 3.8682
1383 1387 15.5583
1383 5760 49.7745
1387 1383 15.5583
1387 1389 9.9468
1387 7089 3.9573
1389 1387 9.9468
1389 1393 7.2414
1389 7093 21.1779
1389 404 29.7243
1393 1389 7.2414
1393 5171 5.5395
1394 1395 20.7459
1394 1397 4.94595
1395 1394 20.7459
1395 1396 23.4846
1395 1400 9.9648
1395 1169 9.9783
1396 1395 23.4846
1396 1170 6.5598
1397 1400 20.6523
1397 1966 4.806
1400 1397 20.6523
1400 1401 23.5539
1400 6091 9.4599
1400 1395 9.9648
1401 1400 23.5539
1401 1396 6.8388
1402 1408 19.095
1402 1414 18.2529
1402 1422 2.1807
1402 2942 12.2544
1408 10760 11.0502
1408 1402 19.296
1408 2958 9.8556
1408 5199 28.7922
1414 1415 2.4588
1414 2337 16.659
1415 1408 9.1575
1415 2337 16.6338
1422 4288 1.5732
1422 1200 23.1237
1424 1431 2.691
1424 4289 2.889
1431 10747 4.9566
1432 1438 46.6956
1432 5984 2.6838
1438 1432 46.6956
1438 1445 30.8079
1438 6714 19.6227
1445 1438 30.8079
1445 8444 3.42
1446 1447 7.8489
1446 1542 13.7205
1446 1547 6.8841
1447 1446 7.8489
1447 277 4.8258
1447 1577 12.546
1448 277 8.1414
1448 1450 8.8569
1450 1448 8.8569
1450 5906 5.62545
1451 7706 9.76815
1451 3768 0.5607
1451 4825 5.0868
1464 1469 1.62855
1464 4386 8.45595
1469 4813 1.60875
1469 7719 1.818
1470 1479 1.8558
1470 1790 2.4258
1479 6281 21.0766
1482 1261 17.6508
1482 1484 13.8294
1482 10238 10.5084
1484 1482 13.8294
1484 4409 1.0791
1488 1496 2.6994
1488 1839 3.6144
1496 1851 7.8942
1498 1499 11.2761
1498 267 6.6627
1499 1498 11.2761
1499 1374 11.4984
1499 1535 6.9543
1501 1503 12.2724
1501 5375 21.1734
1503 1504 6.3279
1503 7202 3.54285
1504 273 11.2221
1504 7228 5.46795
1506 1507 7.2333
1506 1545 6.7554
1507 1508 5.3109
1507 1537 6.7185
1507 1542 33.4206
1508 302 10.0503
1513 1562 12.7194
1521 4416 3.4119
1521 5732 52.6734
1522 1523 5.112
1522 1548 12.5541
1523 356 5.47515
1523 5891 3.42855
1524 1525 6.2577
1524 7203 2.0745
1525 271 11.2923
1525 11657 3.5703
1526 1374 4.1769
1526 1545 7.0632
1535 1373 11.295
1535 1543 7.7094
1537 1373 11.2761
1537 1507 6.7185
1537 1545 7.0155
1542 1507 33.4206
1542 1446 13.7205
1542 1578 6.6555
1543 1372 11.0646
1543 4926 10.404
1545 1526 7.0632
1545 1506 6.7554
1545 272 6.7833
1546 308 24.2028
1546 1547 6.9849
1547 1546 6.9849
1547 1446 6.8841
1547 1578 14.0346
1548 1448 10.998
1548 276 7.713
1549 1551 16.3602
1549 1191 26.6391
1551 1524 7.7067
1551 5384 7.0866
1551 5385 4.1796
1552 2314 7.9332
1552 2322 1.5126
1562 4964 3.9942
1564 1566 7.2477
1564 278 5.0985
1566 1567 1.6551
1566 5937 6.966
1567 1569 9.5778
1567 5923 7.1127
1569 11384 21.9366
1569 11408 6.8508
1572 1573 2.8089
1572 5923 6.4845
1572 3362 5.4783
1573 1572 2.8089
1573 1576 9.6849
1576 1573 9.6849
1576 11404 12.5127
1576 3372 9.3654
1577 1542 7.5393
1577 1447 12.546
1578 1579 5.6403
1578 9486 21.6918
1579 308 8.0361
1579 1546 14.3685
1580 1585 3.7656
1580 9817 17.4018
1585 3073 3.8526
1585 4914 3.4002
1601 3883 0.9594
1601 1064 13.1954
1601 3889 12.4992
1601 5823 14.5607
1604 1611 20.2455
1611 806 24.2374
1611 780 3.0564
1614 1615 1.9668
1614 5969 4.2912
1615 2009 2.9322
1615 2005 3.9384
1616 1618 3.42135
1616 1627 4.0722
1618 2021 14.5679
1619 1627 4.6845
1619 1618 3.4584
1627 1733 20.5308
1628 1629 3.3669
1628 1750 4.3488
1629 7166 8.80155
1633 1634 3.64545
1633 1734 1.6074
1634 1882 23.1525
1635 1639 6.4926
1635 5426 2.718
1639 1641 12.4368
1641 4700 21.1032
1651 1628 13.689
1661 4382 3.0378
1661 6407 6.7338
1662 1674 25.0458
1674 4733 9.387
1676 1679 12.186
1676 5531 5.54535
1679 2616 10.3059
1679 1683 7.9605
1683 11234 7.9875
1683 6610 10.6695
1684 3891 4.88205
1684 590 11.3445
1684 1718 6.90615
1695 655 7.37595
1695 767 16.9128
1695 1359 10.5957
1695 1378 6.99075
1695 5811 5.0394
1713 1714 6.7686
1713 2675 13.0086
1714 2674 6.52995
1714 1401 6.2196
1714 10402 4.1382
1714 6091 11.8355
1716 1717 8.5218
1716 702 6.6735
1717 721 4.662
1717 8255 7.2438
1718 267 20.3157
1718 1725 4.88205
1718 1695 17.1104
1725 654 5.3667
1725 668 8.92215
1733 1734 2.8398
1733 12224 45.0999
1734 1735 2.8362
1735 1614 13.2906
1735 1634 1.7748
1736 1744 3.55095
1736 7742 12.7071
1744 4892 7.6959
1750 1604 24.93
1761 1767 11.2494
1767 1772 9.633
1767 9659 5.4081
1772 1651 10.4076
1772 9672 3.4542
1777 1784 23.2746
1784 1761 3.5814
1784 1789 2.4648
1784 1981 3.4716
1789 1981 1.58355
1789 1635 2.241
1790 5761 10.6506
1790 8059 3.8214
1790 593 18.6889
1790 1479 1.8216
1795 11895 10.2771
1795 11552 4.6305
1795 9493 3.6342
1803 1498 18.9162
1803 4888 4.7475
1809 1814 3.234
1809 1832 4.73085
1809 2275 12.9812
1814 6372 10.6458
1815 1822 8.0334
1815 1139 70.1649
1822 8189 11.6253
1823 1825 10.7484
1823 2388 7.299
1825 1832 1.9074
1825 1814 2.1816
1832 1809 4.73085
1832 10501 4.5378
1832 7595 5.6142
1832 8674 9.0954
1834 1341 2.1738
1834 7624 1.21275
1834 5457 0.97065
1835 1838 20.5326
1835 1340 11.0304
1838 1484 0.9288
1839 1496 3.9444
1839 4918 8.2398
1842 1750 4.59
1842 1629 3.4446
1851 11805 10.887
1854 1861 4.1046
1854 1910 5.448
1861 5866 11.9043
1861 540 18.3516
1864 1865 6.5436
1864 10435 5.0463
1865 1867 9.2628
1867 2992 4.8708
1867 11648 12.4542
1869 1052 68.4684
1869 9179 13.6521
1882 1883 3.7467
1882 8174 73.6416
1883 1885 1.4301
1883 2015 3.06
1885 12503 18.5085
1895 1897 12.1836
1897 1898 9.3864
1897 3499 20.6973
1898 1899 3.336
1898 10434 4.7439
1899 1900 3.1326
1899 10146 20.4705
1900 1901 13.992
1901 1904 12.81
1901 3493 20.5884
1904 1910 4.7268
1904 1861 2.1882
1910 3507 6.282
1911 4276 23.0625
1918 1920 10.6749
1920 1921 1.75635
1921 1922 3.47175
1922 1951 5.1075
1922 10577 3.06585
1934 1939 27.8928
1939 1941 6.6348
1939 3451 20.4435
1941 1942 4.275
1941 3424 20.5056
1942 12487 11.2206
1942 3425 20.4993
1951 1954 14.7438
1951 1911 10.8387
1954 12487 4.4892
1954 7196 3.7899
1961 10674 38.8536
1961 12511 4.869
1966 6091 10.2875
1966 1970 4.815
1966 5082 9.74385
1966 11072 6.65955
1970 2851 14.2281
1970 6084 20.8206
1970 6120 5.07645
1971 1978 4.7214
1971 8345 1.4802
1978 2057 31.8336
1981 1983 4.73265
1983 1104 14.3167
1983 3948 18.5922
1996 1997 2.184
1996 9163 2.187
1997 1999 11.2968
1999 2005 3.8502
1999 2009 4.1337
2005 9437 29.2638
2009 2013 18.7602
2013 2015 1.9092
2013 1885 2.8944
2015 2019 15.7632
2019 2020 2.7972
2019 2072 5.8383
2020 1961 5.25
2021 1777 4.389
2021 3950 62.8731
2037 817 2.0058
2038 2042 2.1834
2038 2044 12.7572
2042 2044 9.1032
2044 1615 6.6
2044 5969 3.711
2047 1978 4.521
2047 6765 2.3028
2057 2058 3.8472
2057 8340 3.9762
2058 2069 13.7112
2069 2072 3.4392
2069 2020 4.9059
2072 1996 21.831
2077 1237 8.8806
2077 2120 0.8082
2077 2082 9.678
2078 2079 11.6955
2078 2095 12.2766
2078 2092 15.6198
2079 2080 0.846
2079 2123 19.0422
2080 2081 9.0279
2080 5470 18.369
2081 2082 6.0804
2081 2115 18.9819
2082 2121 13.1298
2082 2085 10.6236
2082 2077 9.879
2085 2077 11.0778
2086 2087 9.7236
2086 1165 13.626
2087 2086 9.7236
2087 2088 9.0531
2087 1162 20.5164
2087 2115 19.6578
2088 2087 9.0531
2088 2089 1.071
2088 5463 8.9325
2089 2088 1.071
2089 2091 11.5029
2089 1160 20.5272
2091 2089 11.5029
2091 2092 10.2564
2091 1158 13.6752
2092 2093 11.8206
2092 2078 15.6198
2092 2091 10.2564
2093 2092 11.8206
2093 2547 6.6546
2094 2095 10.3614
2094 1237 19.5669
2095 2094 10.3614
2095 2078 12.2766
2104 2108 17.5491
2104 5464 5.0283
2104 12171 3.9069
2108 2104 17.5491
2108 1162 24.6546
2108 5468 9.1494
2115 2087 19.6578
2115 2081 18.9819
2115 2121 9.8892
2115 2122 8.9253
2117 2120 1.5552
2117 2077 1.2006
2120 5470 5.4744
2121 2115 9.8892
2121 2086 13.1214
2122 2115 8.9253
2122 2123 0.7362
2122 2080 18.9864
2123 2122 0.7362
2123 2093 4.2687
2124 2355 33.7261
2124 4145 11.9814
2126 2441 4.2336
2126 11019 10.17
2167 2168 4.1679
2167 8782 23.5728
2168 2169 0.96525
2169 6343 2.5884
2169 2529 24.2469
2170 2176 2.99655
2176 10718 18.0185
2176 2224 3.411
2177 2223 37.5498
2177 4140 18.5126
2190 2195 4.72005
2190 4172 19.1435
2195 2177 3.71205
2196 2206 22.0581
2196 4658 25.3755
2206 2216 7.3809
2206 2236 5.0706
2216 11740 8.58
2217 2195 4.7436
2217 4172 21.9798
2223 2196 3.3786
2224 2236 10.9008
2224 2216 7.9968
2236 2237 14.3433
2237 2223 5.1309
2237 9634 5.4279
2242 12171 13.5666
2242 2249 21.4416
2249 2251 14.208
2251 8367 13.383
2251 5834 8.991
2251 5832 11.6988
2253 588 2.9148
2270 2275 45.1908
2270 6377 13.5639
2270 2276 10.0332
2275 2270 45.1908
2275 2281 7.46775
2275 1809 12.9812
2276 2278 20.7612
2276 2270 10.0332
2276 5836 10.1781
2278 2276 20.7612
2278 2279 19.7703
2278 5834 10.0152
2279 2278 19.7703
2279 2281 11.6721
2279 5833 12.3516
2281 2279 11.6721
2281 2275 7.46775
2281 585 26.0433
2281 12169 9.85005
2283 2288 1.3833
2283 4588 3.4674
2288 2124 1.60695
2288 4588 2.526
2289 2295 47.7081
2289 1340 11.1852
2295 6281 21.2791
2295 1263 11.2325
2297 25 6.1344
2300 2302 9.1422
2300 3896 6.8844
2302 108 12.2301
2303 2313 6.5601
2303 5290 2.88315
2313 2167 9.7407
2313 5830 1.8207
2314 2317 4.6971
2314 9817 7.2714
2314 1552 7.9332
2317 9796 15.8148
2317 8620 12.4821
2322 5166 4.47705
2328 4873 12.7572
2328 4879 1.9266
2337 1414 16.659
2337 4291 12.108
2337 1415 16.6338
2355 6305 6.7239
2358 1216 15.4197
2358 2386 15.1857
2358 2366 0.5526
2359 2366 28.5939
2359 4602 11.4975
2359 6024 9.3123
2359 2576 1.062
2360 2359 11.6424
2360 4602 2.301
2366 2374 15.3063
2366 2358 0.5526
2366 2359 28.5939
2374 2400 6.8562
2375 2366 15.0435
2375 2374 2.781
2382 2383 3.3291
2382 2688 18.5769
2382 2576 19.4229
2383 2382 3.3291
2383 6025 8.6148
2383 10917 52.7364
2384 2385 6.8481
2384 1198 13.4802
2384 2402 13.9635
2385 2384 6.8481
2385 2386 9.7587
2385 2401 13.0653
2385 1199 14.031
2386 2385 9.7587
2386 2358 15.1857
2386 2400 13.9068
2388 2389 2.9583
2389 5281 7.77195
2391 2395 14.8758
2391 2461 4.7316
2395 2375 19.2612
2400 2401 7.2426
2401 2402 9.8886
2401 2385 13.0653
2402 2406 7.2276
2402 2384 13.9635
2406 2410 10.3794
2406 10862 13.4379
2410 2420 19.5984
2410 4538 5.61105
2420 3907 11.2487
2421 2461 14.319
2441 2444 9.8652
2441 11020 8.5131
2444 2456 7.1226
2456 2459 11.304
2456 7262 101.667
2459 10918 30.2859
2459 2395 2.6082
2461 2391 4.7316
2474 2475 1.70325
2474 4948 3.2022
2475 298 5.60385
2477 14 19.1529
2477 2480 23.6727
2477 2493 10.1106
2480 2477 23.6727
2480 14 4.62015
2480 3109 9.06525
2493 2477 10.1106
2494 2498 2.2527
2494 7988 2.4336
2498 7988 1.7352
2498 7978 1.3788
2500 1120 9.2007
2500 107 8.1846
2508 1199 23.6106
2508 8677 4.6254
2510 8517 9.5949
2521 2522 10.4832
2521 4491 3.327
2521 3161 9.1068
2522 2521 10.4832
2522 2526 20.7414
2522 3207 4.8162
2522 3218 3.4236
2526 2522 20.7414
2526 2527 10.8558
2526 2643 9.9585
2526 2647 9.7227
2527 2526 10.8558
2527 2528 10.0962
2527 2657 9.7893
2527 2660 9.8559
2528 2527 10.0962
2528 2529 19.0413
2528 2651 9.7425
2528 2653 9.8478
2529 2528 19.0413
2529 2169 24.2469
2529 8782 9.7902
2530 2531 6.2181
2531 8428 37.7613
2531 10282 8.5383
2533 2536 3.57525
2536 2543 16.1451
2543 2303 3.816
2543 8975 10.4682
2547 2089 8.8074
2547 5463 0.9198
2548 4588 11.9349
2557 503 21.5523
2557 5094 2.8845
2557 10448 13.6089
2571 2576 11.5398
2571 2578 11.0952
2571 6475 9.9243
2576 2382 19.4229
2576 2359 1.062
2578 2571 11.0952
2578 2360 6.5772
2579 2587 13.4442
2579 139 7.2747
2579 4759 12.0411
2587 2579 13.4442
2587 2594 8.7165
2587 12067 2.9241
2594 2587 8.7165
2594 6001 12.8903
2595 133 8.9208
2599 4988 23.1552
2600 2602 15.9468
2600 60 2.68965
2602 114 15.8184
2602 4988 4.5558
2603 2604 9.9198
2603 6260 7.1199
2604 2603 9.9198
2604 2605 12.9339
2604 6609 3.519
2605 2604 12.9339
2605 2607 15.1254
2605 2613 4.4406
2607 2605 15.1254
2607 10228 4.8516
2607 2614 2.9628
2608 2612 9.9864
2608 2603 3.6342
2612 2608 9.9864
2612 2613 12.834
2612 2604 2.0934
2613 2612 12.834
2613 2614 15.183
2613 2778 7.452
2614 2613 15.183
2614 2607 2.9628
2614 2775 5.3658
2616 1679 10.3059
2616 2617 12.9816
2616 6610 3.9258
2617 2616 12.9816
2617 2618 14.9913
2617 8800 7.3755
2618 2617 14.9913
2618 2619 12.7413
2618 2748 5.025
2618 10228 5.0676
2619 2618 12.7413
2619 2781 7.281
2619 2755 36.4986
2620 1206 17.193
2620 2846 0.9846
2620 6545 5.9274
2624 2085 11.6382
2624 2755 3.5172
2624 2783 30.7788
2642 4918 7.3194
2642 297 4.5282
2643 2526 9.9585
2643 3149 6.1476
2647 2526 9.7227
2647 2650 20.2761
2647 2660 10.8279
2647 3219 20.4264
2650 2647 20.2761
2650 2709 11.7774
2650 2662 5.02875
2651 2528 9.7425
2651 2657 6.8532
2653 2528 9.8478
2653 2654 9.9009
2653 8170 9.6714
2653 2660 10.1745
2654 2653 9.9009
2654 2656 10.1493
2654 8167 9.4914
2656 2654 10.1493
2656 2707 11.547
2656 8172 4.7106
2657 2527 9.7893
2657 2643 7.2024
2660 2527 9.8559
2660 2662 20.2131
2660 2653 10.1745
2660 2647 10.8279
2662 2660 20.2131
2662 2708 11.7405
2662 2656 5.2992
2663 2664 11.4273
2663 2707 9.91485
2664 2663 11.4273
2664 8166 10.143
2664 2313 11.8125
2665 2669 17.3376
2665 2674 9.6066
2665 2675 0.918
2669 2665 17.3376
2669 2673 13.1697
2669 6044 19.656
2669 6047 10.0584
2673 2669 13.1697
2673 6067 3.48
2674 2665 9.6066
2674 6047 7.53435
2675 2665 0.918
2675 2677 13.2903
2675 1713 13.0086
2677 2675 13.2903
2680 1363 17.4195
2688 2382 18.5769
2688 2690 14.76
2688 6475 21.1113
2690 2688 14.76
2690 6505 20.1132
2690 2698 1.08
2691 2694 15.7725
2691 2928 12.7368
2694 2726 1.1043
2694 2690 12.4722
2694 6546 21.5631
2695 2697 17.6148
2695 4601 14.2296
2697 2698 20.1771
2697 6502 12.2319
2697 6505 1.4355
2698 2690 1.08
2698 2727 12.2544
2698 2726 11.8854
2699 10149 10.9314
2699 10577 2.82105
2699 818 3.87
2707 2708 4.7295
2707 2656 11.547
2708 2709 5.44455
2708 2662 11.7405
2709 2719 9.5346
2719 3532 4.18995
2719 3809 18.8622
2720 2722 7.3305
2720 1223 8.892
2722 2725 6.8436
2722 1225 8.829
2725 2832 6.0576
2725 6138 4.3065
2726 2694 1.1043
2726 2727 16.5798
2726 8258 10.5696
2727 2726 16.5798
2727 2929 4.6206
2727 6502 20.0907
2727 2698 12.2544
2728 2730 14.8869
2730 2728 14.8869
2730 6502 15.5835
2730 12447 20.1042
2731 2735 9.1017
2731 5370 6.9084
2731 1088 10.6542
2733 2735 10.1115
2733 2859 9.2871
2733 5370 9.0837
2733 6107 14.8761
2735 2733 10.1115
2735 2736 8.2089
2735 2731 9.1017
2735 6101 15.795
2736 2735 8.2089
2736 1232 8.0064
2736 2869 15.885
2740 1232 8.6148
2740 6545 6.084
2745 509 2.2938
2745 701 1.986
2748 701 4.9662
2748 8798 14.9382
2748 2618 5.025
2749 2745 3.6918
2749 509 2.136
2755 2762 21.8898
2755 2619 36.4986
2755 2624 3.5172
2762 2755 21.8898
2762 2764 15.2064
2762 2775 5.064
2762 2799 4.9908
2764 2762 15.2064
2764 2766 12.7854
2764 2798 9.4581
2766 2764 12.7854
2766 2769 9.3897
2766 2780 3.95325
2769 2766 9.3897
2769 2795 19.5615
2775 2778 15.3225
2775 2614 5.3658
2775 2762 5.064
2778 2775 15.3225
2778 2780 12.7107
2778 2764 7.8777
2780 2778 12.7107
2780 2612 3.7089
2781 2619 7.281
2781 2748 10.2654
2783 2624 30.7788
2783 6136 4.9608
2783 2799 11.877
2793 2795 10.1898
2793 2769 10.0719
2795 2793 10.1898
2795 2802 9.1503
2795 2769 19.5615
2796 2798 12.8583
2796 2766 4.8249
2798 2796 12.8583
2798 2799 15.1884
2798 2805 8.4627
2799 2798 15.1884
2799 2783 11.877
2799 2762 4.9908
2800 2802 11.8755
2800 2793 8.4474
2802 2800 11.8755
2802 2803 3.285
2802 2795 9.1503
2803 2802 3.285
2803 2951 4.22415
2804 2805 13.0779
2804 2796 4.29165
2805 2804 13.0779
2805 6134 9.4833
2817 7188 1.5342
2817 1173 5.3658
2817 554 6.4818
2822 2825 7.9488
2822 5131 10.8117
2825 2826 1.70865
2825 5127 11.4633
2826 2828 4.26285
2826 5152 11.4246
2828 355 5.76945
2828 5906 1.7595
2830 2831 9.7362
2830 2800 9.5859
2830 6607 4.6071
2831 2830 9.7362
2831 2832 8.6481
2831 6138 6.042
2832 2831 8.6481
2832 1228 8.8533
2832 6141 7.9716
2834 1228 7.7598
2834 2835 8.3196
2834 2869 12.0222
2834 2873 9.1647
2835 2834 8.3196
2835 2836 10.0854
2835 6101 11.6334
2835 6122 9.261
2836 2835 10.0854
2836 2837 9.3267
2836 6121 9.2655
2836 6110 11.0007
2837 2836 9.3267
2837 2838 0.54
2838 2837 0.54
2838 2839 0.7272
2838 2862 9.4059
2839 2838 0.7272
2839 2841 9.2736
2839 6112 10.7649
2841 2839 9.2736
2841 2861 11.1717
2841 6052 9.5913
2845 6058 8.6229
2846 2845 12.6432
2846 4224 5.829
2850 2851 13.3947
2850 6578 10.1286
2851 2850 13.3947
2851 1970 14.2281
2851 11072 9.5085
2853 2858 17.3367
2853 2940 6.2274
2853 6089 9.3792
2858 2853 17.3367
2858 2859 0.99
2858 6792 9.1917
2859 2858 0.99
2859 2733 9.2871
2859 6104 14.382
2861 6089 7.7283
2861 6103 9.3609
2862 2838 9.4059
2862 2864 14.2875
2862 6121 4.77045
2864 2862 14.2875
2864 2865 13.7493
2864 6055 10.6389
2865 2864 13.7493
2865 1171 8.9748
2869 2736 15.885
2869 2834 12.0222
2869 1230 8.0757
2869 6101 8.1243
2873 2834 9.1647
2873 2876 13.9194
2873 1227 3.92805
2876 2873 13.9194
2876 2878 13.7898
2876 6130 7.7022
2878 2876 13.7898
2878 1224 8.4636
2920 2921 16.9929
2920 1126 8.775
2920 11067 18.7965
2921 2920 16.9929
2921 2927 13.7889
2921 1127 9.4104
2927 2921 13.7889
2928 2691 12.7368
2928 2935 5.4405
2928 2939 22.4883
2929 2935 23.3973
2929 2727 4.6206
2929 12447 11.0088
2935 2929 23.3973
2935 2928 5.4405
2935 8258 12.6135
2939 2928 22.4883
2940 6088 6.4524
2940 2853 6.2274
2940 5370 18.2712
2942 2945 36.6939
2942 8367 11.9784
2945 2942 36.6939
2945 1408 17.8908
2951 1206 10.2537
2951 2830 6.7914
2951 4224 11.8535
2952 2953 16.1235
2952 5261 21.9342
2952 5266 6.4536
2953 2952 16.1235
2953 7574 5.3856
2955 10957 1.46565
2955 5464 4.8645
2956 2958 30.2598
2956 1408 10.4628
2958 2956 30.2598
2958 4294 8.1474
2959 3024 24.9372
2959 553 1.827
2963 2966 8.5203
2963 2985 2.8062
2963 2975 2.0808
2966 2967 8.883
2966 543 37.9737
2967 2968 2.2968
2967 5217 2.3517
2968 2969 22.7475
2969 2970 28.3914
2969 548 21.4056
2969 3020 1.8009
2970 2972 23.1147
2970 3024 1.6416
2970 550 10.413
2972 553 1.8756
2972 551 2.583
2975 2963 2.0808
2975 2978 1.5498
2975 3025 4.086
2978 2975 1.5498
2978 2979 0.5364
2979 2978 0.5364
2979 2980 0.5346
2980 2979 0.5346
2980 2985 2.7288
2980 2992 3.8529
2985 2980 2.7288
2985 2963 2.8062
2992 1867 4.8708
2992 2985 3.6099
2993 2995 20.5803
2993 3016 10.0368
2993 3024 9.6084
2993 2996 25.3746
2995 2993 20.5803
2995 2959 8.43
2996 3014 36.2349
2996 3020 7.4934
2996 3015 9.1161
2996 2993 25.3746
3014 2996 36.2349
3014 3025 6.4908
3014 3026 14.4567
3015 3016 21.9726
3015 2996 9.1161
3015 3022 6.948
3016 3015 21.9726
3016 3019 17.9082
3016 3023 6.7995
3016 2993 10.0368
3019 3016 17.9082
3019 2995 8.4306
3020 2969 1.8009
3020 2996 7.4934
3020 5216 22.6638
3022 3015 6.948
3022 8453 20.4291
3023 3016 6.7995
3023 3022 20.1627
3024 2993 9.6084
3024 2970 1.6416
3024 3020 28.1457
3025 3014 6.4908
3025 2979 4.0941
3026 3014 14.4567
3026 8460 2.4183
3043 9067 9.3933
3062 3064 5.6709
3062 228 7.8252
3062 241 2.8038
3064 252 3.0816
3064 7183 8.9226
3073 4914 4.2342
3073 4837 7.1136
3076 247 8.6103
3076 3087 30.9357
3076 3109 23.4099
3087 3076 30.9357
3109 3076 23.4099
3109 2480 9.06525
3109 11217 11.2163
3116 3140 33.2226
3116 8189 28.0607
3140 1815 9.9756
3149 3160 5.4891
3149 3207 8.9736
3149 3212 7.0656
3160 3169 6.735
3161 3164 8.28
3161 4616 7.4652
3161 2521 9.1068
3164 11229 6.1074
3164 3160 4.5264
3169 3173 20.4546
3169 3344 12.2625
3173 3174 14.421
3173 4658 12.5523
3173 10722 3.0789
3174 3175 0.2172
3174 10723 2.5803
3175 3176 0.1668
3175 3345 23.9868
3176 3184 10.0284
3184 3346 9.55935
3185 3206 8.39565
3185 2170 4.84785
3206 4663 13.3393
3207 2522 4.8162
3207 3212 2.5206
3212 3164 1.9998
3212 3161 6.2874
3218 2522 3.4236
3218 3219 2.9904
3218 4491 10.2519
3219 3218 2.9904
3219 3222 9.2094
3219 2647 20.4264
3222 3219 9.2094
3222 4501 3.489
3242 3245 1.7376
3242 8124 3.6792
3245 3246 5.4054
3246 3249 40.1214
3246 8424 5.4348
3249 3252 1.878
3249 7302 2.0514
3252 3258 29.8716
3258 3260 8.1666
3258 8253 1.9782
3260 3263 22.3614
3260 8252 2.1249
3263 3266 11.5602
3263 8254 2.0916
3266 7039 1.9008
3267 735 94.6449
3267 6500 26.7894
3310 3311 7.0803
3310 9731 2.7918
3310 9732 8.7714
3311 3310 7.0803
3311 3313 6.0957
3311 9837 1.2753
3313 3311 6.0957
3313 3314 3.8223
3313 9828 2.1366
3314 3313 3.8223
3314 3317 7.362
3314 9849 7.956
3317 3314 7.362
3317 10037 3.2229
3317 806 10.7064
3318 6248 16.7283
3318 8766 16.1163
3318 12005 17.5428
3325 3338 76.6908
3325 3564 4.27545
3325 4016 1.7982
3338 3325 76.6908
3338 3340 12.0789
3338 9071 28.0746
3340 3338 12.0789
3340 3342 10.9746
3340 12521 6.8004
3342 3340 10.9746
3342 11923 3.2664
3342 12276 21.8892
3344 3169 12.2625
3344 4616 31.4433
3344 4098 47.5425
3344 12005 14.7564
3345 3346 12.0096
3345 8768 12.6351
3345 3175 23.9868
3346 3345 12.0096
3346 9633 6.174
3362 278 1.8774
3362 3363 3.7107
3362 1572 5.4783
3363 3362 3.7107
3363 3372 11.6874
3363 1573 5.9778
3365 280 11.6793
3365 322 4.7889
3365 3371 6.0138
3367 301 3.1059
3367 280 9.3168
3371 3365 6.0138
3371 260 6.7968
3372 1851 10.4535
3372 1576 9.3654
3372 312 8.4879
3381 153 8.1009
3384 3385 11.9196
3384 499 6.2172
3384 3418 3.0438
3385 3384 11.9196
3385 3386 13.8591
3385 3392 3.0753
3385 500 5.9544
3386 3385 13.8591
3386 502 5.5188
3386 3404 3.3102
3387 3390 4.9824
3390 3387 4.9824
3390 3391 4.7466
3390 6685 4.9761
3391 3390 4.7466
3391 3392 4.4793
3391 3418 16.713
3391 3399 13.9302
3392 3391 4.4793
3392 3385 3.0753
3392 3418 11.9979
3392 3404 13.7565
3397 500 22.8951
3397 10442 11.448
3397 5094 19.9458
3399 3391 13.9302
3399 3404 4.5387
3399 3405 4.5126
3404 3386 3.3102
3404 3399 4.5387
3404 3392 13.7565
3405 3399 4.5126
3405 3411 19.8315
3405 6686 4.2012
3411 3405 19.8315
3411 3417 19.08
3411 6686 21.4776
3417 3411 19.08
3417 10685 11.6622
3418 3392 11.9979
3418 3384 3.0438
3418 3391 16.713
3424 1941 20.5056
3424 3425 7.0596
3424 3451 9.7542
3425 1942 20.4993
3425 3472 9.09
3425 3424 7.0596
3432 3438 70.8975
3438 3432 70.8975
3438 8047 11.301
3439 3447 20.3454
3439 3451 26.8506
3439 513 20.0871
3447 3439 20.3454
3447 6469 2.3337
3447 10577 51.2496
3451 1939 20.4435
3451 3424 9.7542
3451 3439 26.8506
3452 834 32.3118
3452 6189 12.3993
3452 8351 7.5789
3452 11858 7.8138
3471 839 44.3763
3471 6790 8.703
3472 3425 9.09
3472 1921 6.1074
3486 513 5.5962
3486 6463 14.0394
